var geometry = /* color: #d63000 */ee.Geometry.Polygon(
        [[[83.66683451079686, 18.080962481609344],
          [83.73790232085545, 18.122080167183437],
          [83.81979659335447, 18.160252230536],
          [83.8596220328076, 18.174279184442096],
          [83.87204468804512, 18.180743075878304],
          [83.87582123833809, 18.18726661475044],
          [83.88921082574043, 18.195420695189288],
          [83.93727601128731, 18.20944482125138],
          [83.94733001854233, 18.21401057216142],
          [84.0716128554564, 18.27628849068511],
          [84.0777926650267, 18.282156462613404],
          [84.12215211459873, 18.308885821548216],
          [84.13004853793858, 18.317686049356293],
          [84.12798860141514, 18.327463555451317],
          [84.1310785062003, 18.336588729181422],
          [84.12215211459873, 18.342454657969988],
          [84.10567262241123, 18.34832038765779],
          [84.11219575473545, 18.352882484174465],
          [84.11837556430577, 18.35451177515693],
          [84.12249543735264, 18.34734277987191],
          [84.12622389937141, 18.343622396400114],
          [84.13111624861457, 18.342074472764796],
          [84.1350644602845, 18.34354092708077],
          [84.13369116926887, 18.34745141108159],
          [84.13094458723762, 18.35185059978467],
          [84.12201819563606, 18.352339391613608],
          [84.1218465342591, 18.355435041072685],
          [84.13068709517219, 18.35331697112162],
          [84.13626608992317, 18.346066458119687],
          [84.13884101057747, 18.347858748075197],
          [84.14133010054329, 18.35119887519436],
          [84.15617747698994, 18.3792293063907],
          [84.35501585712156, 18.555414718330425],
          [84.35596001440604, 18.55717142772831],
          [84.35518753820975, 18.558351260467145],
          [84.35789120489676, 18.564168937104874],
          [84.35716164404471, 18.565891933475054],
          [84.35647171048251, 18.565465899900428],
          [84.35625713376132, 18.565913401869558],
          [84.3563429644498, 18.566950788282938],
          [84.35728710202304, 18.569249288644393],
          [84.35748022107211, 18.57183252199189],
          [84.36024826077548, 18.58155891393921],
          [84.36091344861117, 18.58340976249559],
          [84.36340253857699, 18.58713173774338],
          [84.36898153332797, 18.595429619333718],
          [84.432037786623, 18.65694590478583],
          [84.44028053269514, 18.661830425268946],
          [84.44199714646467, 18.674109002517177],
          [84.45006523118147, 18.688663250100795],
          [84.46997364230316, 18.71500815138135],
          [84.49198358294781, 18.741267070378033],
          [84.5355855726939, 18.776376321465925],
          [84.55309503314312, 18.792303107925914],
          [84.55446832415875, 18.797565289678232],
          [84.55515496966656, 18.806990342796833],
          [84.5575582289439, 18.80975275832006],
          [84.55738656756695, 18.816252380594882],
          [84.57575433490094, 18.83834921671275],
          [84.59911340442396, 18.88863490789918],
          [84.68425744739271, 18.969823863457485],
          [84.76459497180677, 19.07823060399883],
          [84.69867700305677, 19.118459390728503],
          [84.71034997668959, 19.147975902583866],
          [84.71378320422865, 19.154462340709987],
          [84.70691674915052, 19.160299916952937],
          [84.68322747913099, 19.160299916952937],
          [84.67430108752943, 19.16678587041071],
          [84.6670913096974, 19.15538491295253],
          [84.6674346324513, 19.132681391032758],
          [84.59808343616224, 19.130735229581926],
          [84.61078637805677, 19.100566796021244],
          [84.62726587024427, 19.097646978096236],
          [84.62589257922865, 19.087589433164162],
          [84.63859552112318, 19.088238325470513],
          [84.65679162708021, 19.095375972980584],
          [84.67086785999037, 19.07616065959823],
          [84.66125482288099, 19.063181384264713],
          [84.63756555286146, 19.06545283081459],
          [84.6176528331349, 19.062856889360113],
          [84.59739679065443, 19.02358832126882],
          [84.58057397571302, 19.033649748509323],
          [84.58366388049818, 19.045333221695465],
          [84.58366388049818, 19.07032011147838],
          [84.57233422961927, 19.075187249207346],
          [84.48283999063423, 19.01785352099045],
          [84.47803347207955, 18.988313827118738],
          [84.42086240225338, 19.02128097018145],
          [84.45141812735103, 18.974535386240387],
          [84.422235693269, 18.94791051012645],
          [84.43940183096431, 18.92420430192965],
          [84.40197965078853, 18.893348721126657],
          [84.37966367178463, 18.90504203203248],
          [84.39957639151119, 18.884903044127825],
          [84.39167996817135, 18.87775636939667],
          [84.35906430655025, 18.894648018238218],
          [84.38515683584713, 18.871908863333843],
          [84.36352750235103, 18.861512793316223],
          [84.33640500479244, 18.890100434231066],
          [84.32438870840572, 18.87515750300254],
          [84.36661740713619, 18.834544983872174],
          [84.33125516348385, 18.814722507449428],
          [84.34487433828305, 18.803022900111557],
          [84.31912513174008, 18.788072218081282],
          [84.2875394383807, 18.805297887484578],
          [84.28616614736508, 18.792947586365205],
          [84.25767035879086, 18.783196708662793],
          [84.23981757558774, 18.795872739577995],
          [84.19693596761591, 18.79132247928744],
          [84.19178612630732, 18.778971153028742],
          [84.16706688802607, 18.787422158312566],
          [84.12895806234248, 18.766618921373908],
          [84.08707268636591, 18.75849195965836],
          [84.06612999837763, 18.783846784738582],
          [84.03866417806513, 18.814722507449428],
          [83.9875090877331, 18.812772629403522],
          [83.9610754634688, 18.81374757125246],
          [83.90305391805865, 18.826746255731145],
          [83.86837831991411, 18.85209079819234],
          [83.84125582235552, 18.877106656576842],
          [83.84503237264849, 18.91511061712951],
          [83.82065645712115, 18.92972522630631],
          [83.82031313436724, 18.9430396461729],
          [83.79127519712469, 19.020563512145063],
          [83.74355333433172, 18.991024299519648],
          [83.78131883726141, 18.938425040806223],
          [83.79048961002788, 18.912219923100672],
          [83.78283410169834, 18.910725192313546],
          [83.76919113995973, 18.914699949252853],
          [83.76283966901246, 18.927853187340297],
          [83.753569954657, 18.924930334999093],
          [83.74687516095582, 18.943440869467043],
          [83.73966538312379, 18.949967606960595],
          [83.73606049420778, 18.966040251039306],
          [83.71206314592114, 18.962952584352266],
          [83.71961624650707, 18.940222718626195],
          [83.74570877580395, 18.919438418787948],
          [83.78647164926853, 18.8716083333452],
          [83.79848794565525, 18.86478597287155],
          [83.8173706971201, 18.869334244035407],
          [83.81531076059666, 18.852942747141125],
          [83.80363778696385, 18.850668404729355],
          [83.81531076059666, 18.826074029140837],
          [83.77617196665135, 18.82119962075216],
          [83.74424295053807, 18.82477420072618],
          [83.75522927866307, 18.786099709706132],
          [83.74424295053807, 18.77017233680785],
          [83.71403054819432, 18.784799572434203],
          [83.69205789194432, 18.79617543325777],
          [83.68519143686619, 18.808200507439416],
          [83.64055947885838, 18.76984727270877],
          [83.58263830751069, 18.752015305378688],
          [83.54590277284272, 18.71169824534026],
          [83.53560309022554, 18.71169824534026],
          [83.53628973573335, 18.687230586600766],
          [83.56169561952241, 18.667065538262438],
          [83.55654577821382, 18.656982114724755],
          [83.55345587342866, 18.641693200719246],
          [83.55139593690522, 18.623474825415627],
          [83.54693274110444, 18.597445188603572],
          [83.57130865663179, 18.599072157546175],
          [83.56763014462501, 18.58937971382993],
          [83.5501206841758, 18.582220526856187],
          [83.53673109677345, 18.584498482611938],
          [83.53020796444923, 18.55651005893654],
          [83.52917799618751, 18.544467115174218],
          [83.56248030331642, 18.536003997982146],
          [83.56625685360939, 18.55748647660323],
          [83.57011444323041, 18.553635207104286],
[83.58952302713301, 18.567467502682927],
[83.63037843484786, 18.563236566602406],
[83.62718948363316, 18.51002381230361],
[83.5853041076566, 18.507419296282947],
[83.58393081664097, 18.492768155350475],
[83.61894973753941, 18.4523896410553],
[83.58667739867222, 18.45812394491261],
[83.59102160866028, 18.43020185995076],
[83.57625873024232, 18.4258753500192],
[83.57969195778138, 18.410891496915298],
[83.59788806373841, 18.409588491506305],
[83.60578448707825, 18.38678430080313],
[83.58861834938294, 18.350502274697146],
[83.61291758933507, 18.328525681354936],
[83.70003590521782, 18.298376464667815],
[83.67051014838188, 18.284685502094025],
[83.65368733344047, 18.207637458251895],
[83.63617787299125, 18.215790585511446],
[83.60493550238579, 18.206332922470587],
[83.60459217963188, 18.184806672084267],
[83.60527882513969, 18.170359982438633],
[83.59566578803032, 18.16905516776289],
[83.600472306585, 18.14002051990005],
[83.62931141791313, 18.133495216250004],
[83.63480458197563, 18.11071451969296],
[83.66192707953422, 18.0797119742413]
]]);
